Parameter Tuning Results (Live Update)
Tested approximately 0/64240 combinations.

--- Overall Best for Dataset 1 Score (So Far) ---
Params: {'max_gap_param': 50, 'max_diag_diff_param': 20, 'overlap_factor_param': 0.1, 'min_anchors_param': 4}
   Score1: 29387, Alignment1: "0,2034,0,2034,2039,21605,8223,27802,21607,29824,21601,29825"

--- Overall Best for Dataset 2 Score (So Far) ---
Params: {'max_gap_param': 50, 'max_diag_diff_param': 20, 'overlap_factor_param': 0.1, 'min_anchors_param': 1}
   Score2: 1830, Alignment2: "0,280,0,280,282,397,382,497,400,490,510,600,507,703,607,803,712,898,612,798,900,995,705,800,1000,1195,700,895,1200,1297,903,1000,1308,1391,908,991,1402,1495,402,495,1500,1596,1000,1096,1598,1693,1298,1393,1722,1768,1322,1368,1807,1899,1107,1199,2299,2498,1499,1698"

--- Top 2 Results for Dataset 1 Score (So Far) ---
1. Params: {'max_gap_param': 50, 'max_diag_diff_param': 20, 'overlap_factor_param': 0.1, 'min_anchors_param': 4}
   Score1: 29387, Alignment1: "0,2034,0,2034,2039,21605,8223,27802,21607,29824,21601,29825"
   Score2: 1556, Alignment2: "0,280,0,280,282,397,382,497,400,490,510,600,507,703,607,803,712,898,612,798,900,995,705,800,1000,1195,700,895,1200,1297,903,1000,1308,1391,908,991,1402,1495,402,495,1500,1994,1000,1494,2299,2498,1499,1698"
   Combined Score: 30943

2. Params: {'max_gap_param': 50, 'max_diag_diff_param': 20, 'overlap_factor_param': 0.1, 'min_anchors_param': 5}
   Score1: 29387, Alignment1: "0,2034,0,2034,2039,21605,8223,27802,21607,29824,21601,29825"
   Score2: 1556, Alignment2: "0,280,0,280,282,397,382,497,400,490,510,600,507,703,607,803,712,898,612,798,900,995,705,800,1000,1195,700,895,1200,1297,903,1000,1308,1391,908,991,1402,1495,402,495,1500,1994,1000,1494,2299,2498,1499,1698"
   Combined Score: 30943

--- Top 2 Results for Dataset 2 Score (So Far) ---
1. Params: {'max_gap_param': 50, 'max_diag_diff_param': 20, 'overlap_factor_param': 0.1, 'min_anchors_param': 1}
   Score1: 29387, Alignment1: "0,2034,0,2034,2039,21605,8223,27802,21607,29824,21601,29825"
   Score2: 1830, Alignment2: "0,280,0,280,282,397,382,497,400,490,510,600,507,703,607,803,712,898,612,798,900,995,705,800,1000,1195,700,895,1200,1297,903,1000,1308,1391,908,991,1402,1495,402,495,1500,1596,1000,1096,1598,1693,1298,1393,1722,1768,1322,1368,1807,1899,1107,1199,2299,2498,1499,1698"
   Combined Score: 31217

2. Params: {'max_gap_param': 50, 'max_diag_diff_param': 20, 'overlap_factor_param': 0.1, 'min_anchors_param': 2}
   Score1: 29387, Alignment1: "0,2034,0,2034,2039,21605,8223,27802,21607,29824,21601,29825"
   Score2: 1830, Alignment2: "0,280,0,280,282,397,382,497,400,490,510,600,507,703,607,803,712,898,612,798,900,995,705,800,1000,1195,700,895,1200,1297,903,1000,1308,1391,908,991,1402,1495,402,495,1500,1596,1000,1096,1598,1693,1298,1393,1722,1768,1322,1368,1807,1899,1107,1199,2299,2498,1499,1698"
   Combined Score: 31217

--- Top 2 Results for Combined Score (Score1 + Score2) (So Far) ---
1. Params: {'max_gap_param': 50, 'max_diag_diff_param': 20, 'overlap_factor_param': 0.1, 'min_anchors_param': 1}
   Score1: 29387, Alignment1: "0,2034,0,2034,2039,21605,8223,27802,21607,29824,21601,29825"
   Score2: 1830, Alignment2: "0,280,0,280,282,397,382,497,400,490,510,600,507,703,607,803,712,898,612,798,900,995,705,800,1000,1195,700,895,1200,1297,903,1000,1308,1391,908,991,1402,1495,402,495,1500,1596,1000,1096,1598,1693,1298,1393,1722,1768,1322,1368,1807,1899,1107,1199,2299,2498,1499,1698"
   Combined Score: 31217

2. Params: {'max_gap_param': 50, 'max_diag_diff_param': 20, 'overlap_factor_param': 0.1, 'min_anchors_param': 2}
   Score1: 29387, Alignment1: "0,2034,0,2034,2039,21605,8223,27802,21607,29824,21601,29825"
   Score2: 1830, Alignment2: "0,280,0,280,282,397,382,497,400,490,510,600,507,703,607,803,712,898,612,798,900,995,705,800,1000,1195,700,895,1200,1297,903,1000,1308,1391,908,991,1402,1495,402,495,1500,1596,1000,1096,1598,1693,1298,1393,1722,1768,1322,1368,1807,1899,1107,1199,2299,2498,1499,1698"
   Combined Score: 31217

